300000
300001
300002
300003
300004
300005
300006
300007
300008
300009
300010
300011
300012
300013
300014
300015
300016
300017
300018
300019
300020
300021
300022
300023
300024
300025
300026
300027
300028
300029
300030
300031
300032
300033
300034
300035
300036
300037
300038
300039
300040
300041
300042
300043
300044
300045
300046
300047
300048
300049
300050
300051
300052
300053
300054
300055
300056
300057
300058
300059
300060
300061
300062
300063
300064
300065
300066
300067
300068
300069
300070
300071
300072
300073
300074
300075
300076
300077
300078
300079
300080
300081
300082
300083
300084
300085
300086
300087
300088
300089
300090
300091
300092
300093
300094
300095
300096
300097
300098
300099
300100
300101
300102
300103
300104
300105
300106
300107
300108
300109
300110
300111
300112
300113
300114
300115
300116
300117
300118
300119
300120
300121
300122
300123
300124
300125
300126
300127
300128
300129
300130
300131
300132
300133
300134
300135
300136
300137
300138
300139
300140
300141
300142
300143
300144
300145
300146
300147
300148
300149
300150
300151
300152
300153
300154
300155
300156
300157
300158
300159
300160
300161
300162
300163
300164
300165
300166
300167
300168
300169
300170
300171
300172
300173
300174
300175
300176
300177
300178
300179
300180
300181
300182
300183
300184
300185
300186
300187
300188
300189
300190
300191
300192
300193
300194
300195
300196
300197
300198
300199
300200
300201
300202
300203
300204
300205
300206
300207
300208
300209
300210
300211
300212
300213
300214
300215
300216
300217
300218
300219
300220
300221
300222
300223
300224
300225
300226
300227
300228
300229
300230
300231
300232
300233
300234
300235
300236
300237
300238
300239
300240
300241
300242
300243
300244
300245
300246
300247
300248
300249
300250
300251
300252
300253
300254
300255
300256
300257
300258
300259
300260
300261
300262
300263
300264
300265
300266
300267
300268
300269
300270
300271
300272
300273
300274
300275
300276
300277
300278
300279
300280
300281
300282
300283
300284
300285
300286
300287
300288
300289
300290
300291
300292
300293
300294
300295
300296
300297
300298
300299
300300
300301
300302
300303
300304
300305
300306
300307
300308
300309
300310
300311
300312
300313
300314
300315
300316
300317
300318
300319
300320
300321
300322
300323
300324
300325
300326
300327
300328
300329
300330
300331
300332
300333
300334
300335
300336
300337
300338
300339
300340
300341
300342
300343
300344
300345
300346
300347
300348
300349
300350
300351
300352
300353
300354
300355
300356
300357
300358
300359
300360
300361
300362
300363
300364
300365
300366
300367
300368
300369
300370
300371
300372
300373
300374
300375
300376
300377
300378
300379
300380
300381
300382
300383
300384
300385
300386
300387
300388
300389
300390
300391
300392
300393
300394
300395
300396
300397
300398
300399
300400
300401
300402
300403
300404
300405
300406
300407
300408
300409
300410
300411
300412
300413
300414
300415
300416
300417
300418
300419
300420
300421
300422
300423
300424
300425
300426
300427
300428
300429
300430
300431
300432
300433
300434
300435
300436
300437
300438
300439
300440
300441
300442
300443
300444
300445
300446
300447
300448
300449
300450
300451
300452
300453
300454
300455
300456
300457
300458
300459
300460
300461
300462
300463
300464
300465
300466
300467
300468
300469
300470
300471
300472
300473
300474
300475
300476
300477
300478
300479
300480
300481
300482
300483
300484
300485
300486
300487
300488
300489
300490
300491
300492
300493
300494
300495
300496
300497
300498
300499
300500
300501
300502
300503
300504
300505
300506
300507
300508
300509
300510
300511
300512
300513
300514
300515
300516
300517
300518
300519
300520
300521
300522
300523
300524
300525
300526
300527
300528
300529
300530
300531
300532
300533
300534
300535
300536
300537
300538
300539
300540
300541
300542
300543
300544
300545
300546
300547
300548
300549
300550
300551
300552
300553
300554
300555
300556
300557
300558
300559
300560
300561
300562
300563
300564
300565
300566
300567
300568
300569
300570
300571
300572
300573
300574
300575
300576
300577
300578
300579
300580
300581
300582
300583
300584
300585
300586
300587
300588
300589
300590
300591
300592
300593
300594
300595
300596
300597
300598
300599
300600
300601
300602
300603
300604
300605
300606
300607
300608
300609
300610
300611
300612
300613
300614
300615
300616
300617
300618
300619
300620
300621
300622
300623
300624
300625
300626
300627
300628
300629
300630
300631
300632
300633
300634
300635
300636
300637
300638
300639
300640
300641
300642
300643
300644
300645
300646
300647
300648
300649
300650
300651
300652
300653
300654
300655
300656
300657
300658
300659
300660
300661
300662
300663
300664
300665
300666
300667
300668
300669
300670
300671
300672
300673
300674
300675
300676
300677
300678
300679
300680
300681
300682
300683
300684
300685
300686
300687
300688
300689
300690
300691
300692
300693
300694
300695
300696
300697
300698
300699
300700
300701
300702
300703
300704
300705
300706
300707
300708
300709
300710
300711
300712
300713
300714
300715
300716
300717
300718
300719
300720
300721
300722
300723
300724
300725
300726
300727
300728
300729
300730
300731
300732
300733
300734
300735
300736
300737
300738
300739
300740
300741
300742
300743
300744
300745
300746
300747
300748
300749
300750
300751
300752
300753
300754
300755
300756
300757
300758
300759
300760
300761
300762
300763
300764
300765
300766
300767
300768
300769
300770
300771
300772
300773
300774
300775
300776
300777
300778
300779
300780
300781
300782
300783
300784
300785
300786
300787
300788
300789
300790
300791
300792
300793
300794
300795
300796
300797
300798
300799
300800
300801
300802
300803
300804
300805
300806
300807
300808
300809
300810
300811
300812
300813
300814
300815
300816
300817
300818
300819
300820
300821
300822
300823
300824
300825
300826
300827
300828
300829
300830
300831
300832
300833
300834
300835
300836
300837
300838
300839
300840
300841
300842
300843
300844
300845
300846
300847
300848
300849
300850
300851
300852
300853
300854
300855
300856
300857
300858
300859
300860
300861
300862
300863
300864
300865
300866
300867
300868
300869
300870
300871
300872
300873
300874
300875
300876
300877
300878
300879
300880
300881
300882
300883
300884
300885
300886
300887
300888
300889
300890
300891
300892
300893
300894
300895
300896
300897
300898
300899
300900
300901
300902
300903
300904
300905
300906
300907
300908
300909
300910
300911
300912
300913
300914
300915
300916
300917
300918
300919
300920
300921
300922
300923
300924
300925
300926
300927
300928
300929
300930
300931
300932
300933
300934
300935
300936
300937
300938
300939
300940
300941
300942
300943
300944
300945
300946
300947
300948
300949
300950
300951
300952
300953
300954
300955
300956
300957
300958
300959
300960
300961
300962
300963
300964
300965
300966
300967
300968
300969
300970
300971
300972
300973
300974
300975
300976
300977
300978
300979
300980
300981
300982
300983
300984
300985
300986
300987
300988
300989
300990
300991
300992
300993
300994
300995
300996
300997
300998
300999
301000
301001
301002
301003
301004
301005
301006
301007
301008
301009
301010
301011
301012
301013
301014
301015
301016
301017
301018
301019
301020
301021
301022
301023
301024
301025
301026
301027
301028
301029
301030
301031
301032
301033
301034
301035
301036
301037
301038
301039
301040
301041
301042
301043
301044
301045
301046
301047
301048
301049
301050
301051
301052
301053
301054
301055
301056
301057
301058
301059
301060
301061
301062
301063
301064
301065
301066
301067
301068
301069
301070
301071
301072
301073
301074
301075
301076
301077
301078
301079
301080
301081
301082
301083
301084
301085
301086
301087
301088
301089
301090
301091
301092
301093
301094
301095
301096
301097
301098
301099
301100
301101
301102
301103
301104
301105
301106
301107
301108
301109
301110
301111
301112
301113
301114
301115
301116
301117
301118
301119
301120
301121
301122
301123
301124
301125
301126
301127
301128
301129
301130
301131
301132
301133
301134
301135
301136
301137
301138
301139
301140
301141
301142
301143
301144
301145
301146
301147
301148
301149
301150
301151
301152
301153
301154
301155
301156
301157
301158
301159
301160
301161
301162
301163
301164
301165
301166
301167
301168
301169
301170
301171
301172
301173
301174
301175
301176
301177
301178
301179
301180
301181
301182
301183
301184
301185
301186
301187
301188
301189
301190
301191
301192
301193
301194
301195
301196
301197
301198
301199
301200
301201
301202
301203
301204
301205
301206
301207
301208
301209
301210
301211
301212
301213
301214
301215
301216
301217
301218
301219
301220
301221
301222
301223
301224
301225
301226
301227
301228
301229
301230
301231
301232
301233
301234
301235
301236
301237
301238
301239
301240
301241
301242
301243
301244
301245
301246
301247
301248
301249
301250
301251
301252
301253
301254
301255
301256
301257
301258
301259
301260
301261
301262
301263
301264
301265
301266
301267
301268
301269
301270
301271
301272
301273
301274
301275
301276
301277
301278
301279
301280
301281
301282
301283
301284
301285
301286
301287
301288
301289
301290
301291
301292
301293
301294
301295
301296
301297
301298
301299
301300
301301
301302
301303
301304
301305
301306
301307
301308
301309
301310
301311
301312
301313
301314
301315
301316
301317
301318
301319
301320
301321
301322
301323
301324
301325
301326
301327
301328
301329
301330
301331
301332
301333
301334
301335
301336
301337
301338
301339
301340
301341
301342
301343
301344
301345
301346
301347
301348
301349
301350
301351
301352
301353
301354
301355
301356
301357
301358
301359
301360
301361
301362
301363
301364
301365
301366
301367
301368
301369
301370
301371
301372
301373
301374
301375
301376
301377
301378
301379
301380
301381
301382
301383
301384
301385
301386
301387
301388
301389
301390
301391
301392
301393
301394
301395
301396
301397
301398
301399
301400
301401
301402
301403
301404
301405
301406
301407
301408
301409
301410
301411
301412
301413
301414
301415
301416
301417
301418
301419
301420
301421
301422
301423
301424
301425
301426
301427
301428
301429
301430
301431
301432
301433
301434
301435
301436
301437
301438
301439
301440
301441
301442
301443
301444
301445
301446
301447
301448
301449
301450
301451
301452
301453
301454
301455
301456
301457
301458
301459
301460
301461
301462
301463
301464
301465
301466
301467
301468
301469
301470
301471
301472
301473
301474
301475
301476
301477
301478
301479
301480
301481
301482
301483
301484
301485
301486
301487
301488
301489
301490
301491
301492
301493
301494
301495
301496
301497
301498
301499
301500
301501
301502
301503
301504
301505
301506
301507
301508
301509
301510
301511
301512
301513
301514
301515
301516
301517
301518
301519
301520
301521
301522
301523
301524
301525
301526
301527
301528
301529
301530
301531
301532
301533
301534
301535
301536
301537
301538
301539
301540
301541
301542
301543
301544
301545
301546
301547
301548
301549
301550
301551
301552
301553
301554
301555
301556
301557
301558
301559
301560
301561
301562
301563
301564
301565
301566
301567
301568
301569
301570
301571
301572
301573
301574
301575
301576
301577
301578
301579
301580
301581
301582
301583
301584
301585
301586
301587
301588
301589
301590
301591
301592
301593
301594
301595
301596
301597
301598
301599
301600
301601
301602
301603
301604
301605
301606
301607
301608
301609
301610
301611
301612
301613
301614
301615
301616
301617
301618
301619
301620
301621
301622
301623
301624
301625
301626
301627
301628
301629
301630
301631
301632
301633
301634
301635
301636
301637
301638
301639
301640
301641
301642
301643
301644
301645
301646
301647
301648
301649
301650
301651
301652
301653
301654
301655
301656
301657
301658
301659
301660
301661
301662
301663
301664
301665
301666
301667
301668
301669
301670
301671
301672
301673
301674
301675
301676
301677
301678
301679
301680
301681
301682
301683
301684
301685
301686
301687
301688
301689
301690
301691
301692
301693
301694
301695
301696
301697
301698
301699
301700
301701
301702
301703
301704
301705
301706
301707
301708
301709
301710
301711
301712
301713
301714
301715
301716
301717
301718
301719
301720
301721
301722
301723
301724
301725
301726
301727
301728
301729
301730
301731
301732
301733
301734
301735
301736
301737
301738
301739
301740
301741
301742
301743
301744
301745
301746
301747
301748
301749
301750
301751
301752
301753
301754
301755
301756
301757
301758
301759
301760
301761
301762
301763
301764
301765
301766
301767
301768
301769
301770
301771
301772
301773
301774
301775
301776
301777
301778
301779
301780
301781
301782
301783
301784
301785
301786
301787
301788
301789
301790
301791
301792
301793
301794
301795
301796
301797
301798
301799
301800
301801
301802
301803
301804
301805
301806
301807
301808
301809
301810
301811
301812
301813
301814
301815
301816
301817
301818
301819
301820
301821
301822
301823
301824
301825
301826
301827
301828
301829
301830
301831
301832
301833
301834
301835
301836
301837
301838
301839
301840
301841
301842
301843
301844
301845
301846
301847
301848
301849
301850
301851
301852
301853
301854
301855
301856
301857
301858
301859
301860
301861
301862
301863
301864
301865
301866
301867
301868
301869
301870
301871
301872
301873
301874
301875
301876
301877
301878
301879
301880
301881
301882
301883
301884
301885
301886
301887
301888
301889
301890
301891
301892
301893
301894
301895
301896
301897
301898
301899
301900
301901
301902
301903
301904
301905
301906
301907
301908
301909
301910
301911
301912
301913
301914
301915
301916
301917
301918
301919
301920
301921
301922
301923
301924
301925
301926
301927
301928
301929
301930
301931
301932
301933
301934
301935
301936
301937
301938
301939
301940
301941
301942
301943
301944
301945
301946
301947
301948
301949
301950
301951
301952
301953
301954
301955
301956
301957
301958
301959
301960
301961
301962
301963
301964
301965
301966
301967
301968
301969
301970
301971
301972
301973
301974
301975
301976
301977
301978
301979
301980
301981
301982
301983
301984
301985
301986
301987
301988
301989
301990
301991
301992
301993
301994
301995
301996
301997
301998
301999
302000
302001
302002
302003
302004
302005
302006
302007
302008
302009
302010
302011
302012
302013
302014
302015
302016
302017
302018
302019
302020
302021
302022
302023
302024
302025
302026
302027
302028
302029
302030
302031
302032
302033
302034
302035
302036
302037
302038
302039
302040
302041
302042
302043
302044
302045
302046
302047
302048
302049
302050
302051
302052
302053
302054
302055
302056
302057
302058
302059
302060
302061
302062
302063
302064
302065
302066
302067
302068
302069
302070
302071
302072
302073
302074
302075
302076
302077
302078
302079
302080
302081
302082
302083
302084
302085
302086
302087
302088
302089
302090
302091
302092
302093
302094
302095
302096
302097
302098
302099
302100
302101
302102
302103
302104
302105
302106
302107
302108
302109
302110
302111
302112
302113
302114
302115
302116
302117
302118
302119
302120
302121
302122
302123
302124
302125
302126
302127
302128
302129
302130
302131
302132
302133
302134
302135
302136
302137
302138
302139
302140
302141
302142
302143
302144
302145
302146
302147
302148
302149
302150
302151
302152
302153
302154
302155
302156
302157
302158
302159
302160
302161
302162
302163
302164
302165
302166
302167
302168
302169
302170
302171
302172
302173
302174
302175
302176
302177
302178
302179
302180
302181
302182
302183
302184
302185
302186
302187
302188
302189
302190
302191
302192
302193
302194
302195
302196
302197
302198
302199
302200
302201
302202
302203
302204
302205
302206
302207
302208
302209
302210
302211
302212
302213
302214
302215
302216
302217
302218
302219
302220
302221
302222
302223
302224
302225
302226
302227
302228
302229
302230
302231
302232
302233
302234
302235
302236
302237
302238
302239
302240
302241
302242
302243
302244
302245
302246
302247
302248
302249
302250
302251
302252
302253
302254
302255
302256
302257
302258
302259
302260
302261
302262
302263
302264
302265
302266
302267
302268
302269
302270
302271
302272
302273
302274
302275
302276
302277
302278
302279
302280
302281
302282
302283
302284
302285
302286
302287
302288
302289
302290
302291
302292
302293
302294
302295
302296
302297
302298
302299
302300
302301
302302
302303
302304
302305
302306
302307
302308
302309
302310
302311
302312
302313
302314
302315
302316
302317
302318
302319
302320
302321
302322
302323
302324
302325
302326
302327
302328
302329
302330
302331
302332
302333
302334
302335
302336
302337
302338
302339
302340
302341
302342
302343
302344
302345
302346
302347
302348
302349
302350
302351
302352
302353
302354
302355
302356
302357
302358
302359
302360
302361
302362
302363
302364
302365
302366
302367
302368
302369
302370
302371
302372
302373
302374
302375
302376
302377
302378
302379
302380
302381
302382
302383
302384
302385
302386
302387
302388
302389
302390
302391
302392
302393
302394
302395
302396
302397
302398
302399
302400
302401
302402
302403
302404
302405
302406
302407
302408
302409
302410
302411
302412
302413
302414
302415
302416
302417
302418
302419
302420
302421
302422
302423
302424
302425
302426
302427
302428
302429
302430
302431
302432
302433
302434
302435
302436
302437
302438
302439
302440
302441
302442
302443
302444
302445
302446
302447
302448
302449
302450
302451
302452
302453
302454
302455
302456
302457
302458
302459
302460
302461
302462
302463
302464
302465
302466
302467
302468
302469
302470
302471
302472
302473
302474
302475
302476
302477
302478
302479
302480
302481
302482
302483
302484
302485
302486
302487
302488
302489
302490
302491
302492
302493
302494
302495
302496
302497
302498
302499
302500
302501
302502
302503
302504
302505
302506
302507
302508
302509
302510
302511
302512
302513
302514
302515
302516
302517
302518
302519
302520
302521
302522
302523
302524
302525
302526
302527
302528
302529
302530
302531
302532
302533
302534
302535
302536
302537
302538
302539
302540
302541
302542
302543
302544
302545
302546
302547
302548
302549
302550
302551
302552
302553
302554
302555
302556
302557
302558
302559
302560
302561
302562
302563
302564
302565
302566
302567
302568
302569
302570
302571
302572
302573
302574
302575
302576
302577
302578
302579
302580
302581
302582
302583
302584
302585
302586
302587
302588
302589
302590
302591
302592
302593
302594
302595
302596
302597
302598
302599
302600
302601
302602
302603
302604
302605
302606
302607
302608
302609
302610
302611
302612
302613
302614
302615
302616
302617
302618
302619
302620
302621
302622
302623
302624
302625
302626
302627
302628
302629
302630
302631
302632
302633
302634
302635
302636
302637
302638
302639
302640
302641
302642
302643
302644
302645
302646
302647
302648
302649
302650
302651
302652
302653
302654
302655
302656
302657
302658
302659
302660
302661
302662
302663
302664
302665
302666
302667
302668
302669
302670
302671
302672
302673
302674
302675
302676
302677
302678
302679
302680
302681
302682
302683
302684
302685
302686
302687
302688
302689
302690
302691
302692
302693
302694
302695
302696
302697
302698
302699
302700
302701
302702
302703
302704
302705
302706
302707
302708
302709
302710
302711
302712
302713
302714
302715
302716
302717
302718
302719
302720
302721
302722
302723
302724
302725
302726
302727
302728
302729
302730
302731
302732
302733
302734
302735
302736
302737
302738
302739
302740
302741
302742
302743
302744
302745
302746
302747
302748
302749
302750
302751
302752
302753
302754
302755
302756
302757
302758
302759
302760
302761
302762
302763
302764
302765
302766
302767
302768
302769
302770
302771
302772
302773
302774
302775
302776
302777
302778
302779
302780
302781
302782
302783
302784
302785
302786
302787
302788
302789
302790
302791
302792
302793
302794
302795
302796
302797
302798
302799
302800
302801
302802
302803
302804
302805
302806
302807
302808
302809
302810
302811
302812
302813
302814
302815
302816
302817
302818
302819
302820
302821
302822
302823
302824
302825
302826
302827
302828
302829
302830
302831
302832
302833
302834
302835
302836
302837
302838
302839
302840
302841
302842
302843
302844
302845
302846
302847
302848
302849
302850
302851
302852
302853
302854
302855
302856
302857
302858
302859
302860
302861
302862
302863
302864
302865
302866
302867
302868
302869
302870
302871
302872
302873
302874
302875
302876
302877
302878
302879
302880
302881
302882
302883
302884
302885
302886
302887
302888
302889
302890
302891
302892
302893
302894
302895
302896
302897
302898
302899
302900
302901
302902
302903
302904
302905
302906
302907
302908
302909
302910
302911
302912
302913
302914
302915
302916
302917
302918
302919
302920
302921
302922
302923
302924
302925
302926
302927
302928
302929
302930
302931
302932
302933
302934
302935
302936
302937
302938
302939
302940
302941
302942
302943
302944
302945
302946
302947
302948
302949
302950
302951
302952
302953
302954
302955
302956
302957
302958
302959
302960
302961
302962
302963
302964
302965
302966
302967
302968
302969
302970
302971
302972
302973
302974
302975
302976
302977
302978
302979
302980
302981
302982
302983
302984
302985
302986
302987
302988
302989
302990
302991
302992
302993
302994
302995
302996
302997
302998
302999
303000
303001
303002
303003
303004
303005
303006
303007
303008
303009
303010
303011
303012
303013
303014
303015
303016
303017
303018
303019
303020
303021
303022
303023
303024
303025
303026
303027
303028
303029
303030
303031
303032
303033
303034
303035
303036
303037
303038
303039
303040
303041
303042
303043
303044
303045
303046
303047
303048
303049
303050
303051
303052
303053
303054
303055
303056
303057
303058
303059
303060
303061
303062
303063
303064
303065
303066
303067
303068
303069
303070
303071
303072
303073
303074
303075
303076
303077
303078
303079
303080
303081
303082
303083
303084
303085
303086
303087
303088
303089
303090
303091
303092
303093
303094
303095
303096
303097
303098
303099
303100
303101
303102
303103
303104
303105
303106
303107
303108
303109
303110
303111
303112
303113
303114
303115
303116
303117
303118
303119
303120
303121
303122
303123
303124
303125
303126
303127
303128
303129
303130
303131
303132
303133
303134
303135
303136
303137
303138
303139
303140
303141
303142
303143
303144
303145
303146
303147
303148
303149
303150
303151
303152
303153
303154
303155
303156
303157
303158
303159
303160
303161
303162
303163
303164
303165
303166
303167
303168
303169
303170
303171
303172
303173
303174
303175
303176
303177
303178
303179
303180
303181
303182
303183
303184
303185
303186
303187
303188
303189
303190
303191
303192
303193
303194
303195
303196
303197
303198
303199
303200
303201
303202
303203
303204
303205
303206
303207
303208
303209
303210
303211
303212
303213
303214
303215
303216
303217
303218
303219
303220
303221
303222
303223
303224
303225
303226
303227
303228
303229
303230
303231
303232
303233
303234
303235
303236
303237
303238
303239
303240
303241
303242
303243
303244
303245
303246
303247
303248
303249
303250
303251
303252
303253
303254
303255
303256
303257
303258
303259
303260
303261
303262
303263
303264
303265
303266
303267
303268
303269
303270
303271
303272
303273
303274
303275
303276
303277
303278
303279
303280
303281
303282
303283
303284
303285
303286
303287
303288
303289
303290
303291
303292
303293
303294
303295
303296
303297
303298
303299
303300
303301
303302
303303
303304
303305
303306
303307
303308
303309
303310
303311
303312
303313
303314
303315
303316
303317
303318
303319
303320
303321
303322
303323
303324
303325
303326
303327
303328
303329
303330
303331
303332
303333
303334
303335
303336
303337
303338
303339
303340
303341
303342
303343
303344
303345
303346
303347
303348
303349
303350
303351
303352
303353
303354
303355
303356
303357
303358
303359
303360
303361
303362
303363
303364
303365
303366
303367
303368
303369
303370
303371
303372
303373
303374
303375
303376
303377
303378
303379
303380
303381
303382
303383
303384
303385
303386
303387
303388
303389
303390
303391
303392
303393
303394
303395
303396
303397
303398
303399
303400
303401
303402
303403
303404
303405
303406
303407
303408
303409
303410
303411
303412
303413
303414
303415
303416
303417
303418
303419
303420
303421
303422
303423
303424
303425
303426
303427
303428
303429
303430
303431
303432
303433
303434
303435
303436
303437
303438
303439
303440
303441
303442
303443
303444
303445
303446
303447
303448
303449
303450
303451
303452
303453
303454
303455
303456
303457
303458
303459
303460
303461
303462
303463
303464
303465
303466
303467
303468
303469
303470
303471
303472
303473
303474
303475
303476
303477
303478
303479
303480
303481
303482
303483
303484
303485
303486
303487
303488
303489
303490
303491
303492
303493
303494
303495
303496
303497
303498
303499
303500
303501
303502
303503
303504
303505
303506
303507
303508
303509
303510
303511
303512
303513
303514
303515
303516
303517
303518
303519
303520
303521
303522
303523
303524
303525
303526
303527
303528
303529
303530
303531
303532
303533
303534
303535
303536
303537
303538
303539
303540
303541
303542
303543
303544
303545
303546
303547
303548
303549
303550
303551
303552
303553
303554
303555
303556
303557
303558
303559
303560
303561
303562
303563
303564
303565
303566
303567
303568
303569
303570
303571
303572
303573
303574
303575
303576
303577
303578
303579
303580
303581
303582
303583
303584
303585
303586
303587
303588
303589
303590
303591
303592
303593
303594
303595
303596
303597
303598
303599
303600
303601
303602
303603
303604
303605
303606
303607
303608
303609
303610
303611
303612
303613
303614
303615
303616
303617
303618
303619
303620
303621
303622
303623
303624
303625
303626
303627
303628
303629
303630
303631
303632
303633
303634
303635
303636
303637
303638
303639
303640
303641
303642
303643
303644
303645
303646
303647
303648
303649
303650
303651
303652
303653
303654
303655
303656
303657
303658
303659
303660
303661
303662
303663
303664
303665
303666
303667
303668
303669
303670
303671
303672
303673
303674
303675
303676
303677
303678
303679
303680
303681
303682
303683
303684
303685
303686
303687
303688
303689
303690
303691
303692
303693
303694
303695
303696
303697
303698
303699
303700
303701
303702
303703
303704
303705
303706
303707
303708
303709
303710
303711
303712
303713
303714
303715
303716
303717
303718
303719
303720
303721
303722
303723
303724
303725
303726
303727
303728
303729
303730
303731
303732
303733
303734
303735
303736
303737
303738
303739
303740
303741
303742
303743
303744
303745
303746
303747
303748
303749
303750
303751
303752
303753
303754
303755
303756
303757
303758
303759
303760
303761
303762
303763
303764
303765
303766
303767
303768
303769
303770
303771
303772
303773
303774
303775
303776
303777
303778
303779
303780
303781
303782
303783
303784
303785
303786
303787
303788
303789
303790
303791
303792
303793
303794
303795
303796
303797
303798
303799
303800
303801
303802
303803
303804
303805
303806
303807
303808
303809
303810
303811
303812
303813
303814
303815
303816
303817
303818
303819
303820
303821
303822
303823
303824
303825
303826
303827
303828
303829
303830
303831
303832
303833
303834
303835
303836
303837
303838
303839
303840
303841
303842
303843
303844
303845
303846
303847
303848
303849
303850
303851
303852
303853
303854
303855
303856
303857
303858
303859
303860
303861
303862
303863
303864
303865
303866
303867
303868
303869
303870
303871
303872
303873
303874
303875
303876
303877
303878
303879
303880
303881
303882
303883
303884
303885
303886
303887
303888
303889
303890
303891
303892
303893
303894
303895
303896
303897
303898
303899
303900
303901
303902
303903
303904
303905
303906
303907
303908
303909
303910
303911
303912
303913
303914
303915
303916
303917
303918
303919
303920
303921
303922
303923
303924
303925
303926
303927
303928
303929
303930
303931
303932
303933
303934
303935
303936
303937
303938
303939
303940
303941
303942
303943
303944
303945
303946
303947
303948
303949
303950
303951
303952
303953
303954
303955
303956
303957
303958
303959
303960
303961
303962
303963
303964
303965
303966
303967
303968
303969
303970
303971
303972
303973
303974
303975
303976
303977
303978
303979
303980
303981
303982
303983
303984
303985
303986
303987
303988
303989
303990
303991
303992
303993
303994
303995
303996
303997
303998
303999
304000
304001
304002
304003
304004
304005
304006
304007
304008
304009
304010
304011
304012
304013
304014
304015
304016
304017
304018
304019
304020
304021
304022
304023
304024
304025
304026
304027
304028
304029
304030
304031
304032
304033
304034
304035
304036
304037
304038
304039
304040
304041
304042
304043
304044
304045
304046
304047
304048
304049
304050
304051
304052
304053
304054
304055
304056
304057
304058
304059
304060
304061
304062
304063
304064
304065
304066
304067
304068
304069
304070
304071
304072
304073
304074
304075
304076
304077
304078
304079
304080
304081
304082
304083
304084
304085
304086
304087
304088
304089
304090
304091
304092
304093
304094
304095
304096
304097
304098
304099
304100
304101
304102
304103
304104
304105
304106
304107
304108
304109
304110
304111
304112
304113
304114
304115
304116
304117
304118
304119
304120
304121
304122
304123
304124
304125
304126
304127
304128
304129
304130
304131
304132
304133
304134
304135
304136
304137
304138
304139
304140
304141
304142
304143
304144
304145
304146
304147
304148
304149
304150
304151
304152
304153
304154
304155
304156
304157
304158
304159
304160
304161
304162
304163
304164
304165
304166
304167
304168
304169
304170
304171
304172
304173
304174
304175
304176
304177
304178
304179
304180
304181
304182
304183
304184
304185
304186
304187
304188
304189
304190
304191
304192
304193
304194
304195
304196
304197
304198
304199
304200
304201
304202
304203
304204
304205
304206
304207
304208
304209
304210
304211
304212
304213
304214
304215
304216
304217
304218
304219
304220
304221
304222
304223
304224
304225
304226
304227
304228
304229
304230
304231
304232
304233
304234
304235
304236
304237
304238
304239
304240
304241
304242
304243
304244
304245
304246
304247
304248
304249
304250
304251
304252
304253
304254
304255
304256
304257
304258
304259
304260
304261
304262
304263
304264
304265
304266
304267
304268
304269
304270
304271
304272
304273
304274
304275
304276
304277
304278
304279
304280
304281
304282
304283
304284
304285
304286
304287
304288
304289
304290
304291
304292
304293
304294
304295
304296
304297
304298
304299
304300
304301
304302
304303
304304
304305
304306
304307
304308
304309
304310
304311
304312
304313
304314
304315
304316
304317
304318
304319
304320
304321
304322
304323
304324
304325
304326
304327
304328
304329
304330
304331
304332
304333
304334
304335
304336
304337
304338
304339
304340
304341
304342
304343
304344
304345
304346
304347
304348
304349
304350
304351
304352
304353
304354
304355
304356
304357
304358
304359
304360
304361
304362
304363
304364
304365
304366
304367
304368
304369
304370
304371
304372
304373
304374
304375
304376
304377
304378
304379
304380
304381
304382
304383
304384
304385
304386
304387
304388
304389
304390
304391
304392
304393
304394
304395
304396
304397
304398
304399
304400
304401
304402
304403
304404
304405
304406
304407
304408
304409
304410
304411
304412
304413
304414
304415
304416
304417
304418
304419
304420
304421
304422
304423
304424
304425
304426
304427
304428
304429
304430
304431
304432
304433
304434
304435
304436
304437
304438
304439
304440
304441
304442
304443
304444
304445
304446
304447
304448
304449
304450
304451
304452
304453
304454
304455
304456
304457
304458
304459
304460
304461
304462
304463
304464
304465
304466
304467
304468
304469
304470
304471
304472
304473
304474
304475
304476
304477
304478
304479
304480
304481
304482
304483
304484
304485
304486
304487
304488
304489
304490
304491
304492
304493
304494
304495
304496
304497
304498
304499
304500
304501
304502
304503
304504
304505
304506
304507
304508
304509
304510
304511
304512
304513
304514
304515
304516
304517
304518
304519
304520
304521
304522
304523
304524
304525
304526
304527
304528
304529
304530
304531
304532
304533
304534
304535
304536
304537
304538
304539
304540
304541
304542
304543
304544
304545
304546
304547
304548
304549
304550
304551
304552
304553
304554
304555
304556
304557
304558
304559
304560
304561
304562
304563
304564
304565
304566
304567
304568
304569
304570
304571
304572
304573
304574
304575
304576
304577
304578
304579
304580
304581
304582
304583
304584
304585
304586
304587
304588
304589
304590
304591
304592
304593
304594
304595
304596
304597
304598
304599
304600
304601
304602
304603
304604
304605
304606
304607
304608
304609
304610
304611
304612
304613
304614
304615
304616
304617
304618
304619
304620
304621
304622
304623
304624
304625
304626
304627
304628
304629
304630
304631
304632
304633
304634
304635
304636
304637
304638
304639
304640
304641
304642
304643
304644
304645
304646
304647
304648
304649
304650
304651
304652
304653
304654
304655
304656
304657
304658
304659
304660
304661
304662
304663
304664
304665
304666
304667
304668
304669
304670
304671
304672
304673
304674
304675
304676
304677
304678
304679
304680
304681
304682
304683
304684
304685
304686
304687
304688
304689
304690
304691
304692
304693
304694
304695
304696
304697
304698
304699
304700
304701
304702
304703
304704
304705
304706
304707
304708
304709
304710
304711
304712
304713
304714
304715
304716
304717
304718
304719
304720
304721
304722
304723
304724
304725
304726
304727
304728
304729
304730
304731
304732
304733
304734
304735
304736
304737
304738
304739
304740
304741
304742
304743
304744
304745
304746
304747
304748
304749
304750
304751
304752
304753
304754
304755
304756
304757
304758
304759
304760
304761
304762
304763
304764
304765
304766
304767
304768
304769
304770
304771
304772
304773
304774
304775
304776
304777
304778
304779
304780
304781
304782
304783
304784
304785
304786
304787
304788
304789
304790
304791
304792
304793
304794
304795
304796
304797
304798
304799
304800
304801
304802
304803
304804
304805
304806
304807
304808
304809
304810
304811
304812
304813
304814
304815
304816
304817
304818
304819
304820
304821
304822
304823
304824
304825
304826
304827
304828
304829
304830
304831
304832
304833
304834
304835
304836
304837
304838
304839
304840
304841
304842
304843
304844
304845
304846
304847
304848
304849
304850
304851
304852
304853
304854
304855
304856
304857
304858
304859
304860
304861
304862
304863
304864
304865
304866
304867
304868
304869
304870
304871
304872
304873
304874
304875
304876
304877
304878
304879
304880
304881
304882
304883
304884
304885
304886
304887
304888
304889
304890
304891
304892
304893
304894
304895
304896
304897
304898
304899
304900
304901
304902
304903
304904
304905
304906
304907
304908
304909
304910
304911
304912
304913
304914
304915
304916
304917
304918
304919
304920
304921
304922
304923
304924
304925
304926
304927
304928
304929
304930
304931
304932
304933
304934
304935
304936
304937
304938
304939
304940
304941
304942
304943
304944
304945
304946
304947
304948
304949
304950
304951
304952
304953
304954
304955
304956
304957
304958
304959
304960
304961
304962
304963
304964
304965
304966
304967
304968
304969
304970
304971
304972
304973
304974
304975
304976
304977
304978
304979
304980
304981
304982
304983
304984
304985
304986
304987
304988
304989
304990
304991
304992
304993
304994
304995
304996
304997
304998
304999
305000
305001
305002
305003
305004
305005
305006
305007
305008
305009
305010
305011
305012
305013
305014
305015
305016
305017
305018
305019
305020
305021
305022
305023
305024
305025
305026
305027
305028
305029
305030
305031
305032
305033
305034
305035
305036
305037
305038
305039
305040
305041
305042
305043
305044
305045
305046
305047
305048
305049
305050
305051
305052
305053
305054
305055
305056
305057
305058
305059
305060
305061
305062
305063
305064
305065
305066
305067
305068
305069
305070
305071
305072
305073
305074
305075
305076
305077
305078
305079
305080
305081
305082
305083
305084
305085
305086
305087
305088
305089
305090
305091
305092
305093
305094
305095
305096
305097
305098
305099
305100
305101
305102
305103
305104
305105
305106
305107
305108
305109
305110
305111
305112
305113
305114
305115
305116
305117
305118
305119
305120
305121
305122
305123
305124
305125
305126
305127
305128
305129
305130
305131
305132
305133
305134
305135
305136
305137
305138
305139
305140
305141
305142
305143
305144
305145
305146
305147
305148
305149
305150
305151
305152
305153
305154
305155
305156
305157
305158
305159
305160
305161
305162
305163
305164
305165
305166
305167
305168
305169
305170
305171
305172
305173
305174
305175
305176
305177
305178
305179
305180
305181
305182
305183
305184
305185
305186
305187
305188
305189
305190
305191
305192
305193
305194
305195
305196
305197
305198
305199
305200
305201
305202
305203
305204
305205
305206
305207
305208
305209
305210
305211
305212
305213
305214
305215
305216
305217
305218
305219
305220
305221
305222
305223
305224
305225
305226
305227
305228
305229
305230
305231
305232
305233
305234
305235
305236
305237
305238
305239
305240
305241
305242
305243
305244
305245
305246
305247
305248
305249
305250
305251
305252
305253
305254
305255
305256
305257
305258
305259
305260
305261
305262
305263
305264
305265
305266
305267
305268
305269
305270
305271
305272
305273
305274
305275
305276
305277
305278
305279
305280
305281
305282
305283
305284
305285
305286
305287
305288
305289
305290
305291
305292
305293
305294
305295
305296
305297
305298
305299
305300
305301
305302
305303
305304
305305
305306
305307
305308
305309
305310
305311
305312
305313
305314
305315
305316
305317
305318
305319
305320
305321
305322
305323
305324
305325
305326
305327
305328
305329
305330
305331
305332
305333
305334
305335
305336
305337
305338
305339
305340
305341
305342
305343
305344
305345
305346
305347
305348
305349
305350
305351
305352
305353
305354
305355
305356
305357
305358
305359
305360
305361
305362
305363
305364
305365
305366
305367
305368
305369
305370
305371
305372
305373
305374
305375
305376
305377
305378
305379
305380
305381
305382
305383
305384
305385
305386
305387
305388
305389
305390
305391
305392
305393
305394
305395
305396
305397
305398
305399
305400
305401
305402
305403
305404
305405
305406
305407
305408
305409
305410
305411
305412
305413
305414
305415
305416
305417
305418
305419
305420
305421
305422
305423
305424
305425
305426
305427
305428
305429
305430
305431
305432
305433
305434
305435
305436
305437
305438
305439
305440
305441
305442
305443
305444
305445
305446
305447
305448
305449
305450
305451
305452
305453
305454
305455
305456
305457
305458
305459
305460
305461
305462
305463
305464
305465
305466
305467
305468
305469
305470
305471
305472
305473
305474
305475
305476
305477
305478
305479
305480
305481
305482
305483
305484
305485
305486
305487
305488
305489
305490
305491
305492
305493
305494
305495
305496
305497
305498
305499
305500
305501
305502
305503
305504
305505
305506
305507
305508
305509
305510
305511
305512
305513
305514
305515
305516
305517
305518
305519
305520
305521
305522
305523
305524
305525
305526
305527
305528
305529
305530
305531
305532
305533
305534
305535
305536
305537
305538
305539
305540
305541
305542
305543
305544
305545
305546
305547
305548
305549
305550
305551
305552
305553
305554
305555
305556
305557
305558
305559
305560
305561
305562
305563
305564
305565
305566
305567
305568
305569
305570
305571
305572
305573
305574
305575
305576
305577
305578
305579
305580
305581
305582
305583
305584
305585
305586
305587
305588
305589
305590
305591
305592
305593
305594
305595
305596
305597
305598
305599
305600
305601
305602
305603
305604
305605
305606
305607
305608
305609
305610
305611
305612
305613
305614
305615
305616
305617
305618
305619
305620
305621
305622
305623
305624
305625
305626
305627
305628
305629
305630
305631
305632
305633
305634
305635
305636
305637
305638
305639
305640
305641
305642
305643
305644
305645
305646
305647
305648
305649
305650
305651
305652
305653
305654
305655
305656
305657
305658
305659
305660
305661
305662
305663
305664
305665
305666
305667
305668
305669
305670
305671
305672
305673
305674
305675
305676
305677
305678
305679
305680
305681
305682
305683
305684
305685
305686
305687
305688
305689
305690
305691
305692
305693
305694
305695
305696
305697
305698
305699
305700
305701
305702
305703
305704
305705
305706
305707
305708
305709
305710
305711
305712
305713
305714
305715
305716
305717
305718
305719
305720
305721
305722
305723
305724
305725
305726
305727
305728
305729
305730
305731
305732
305733
305734
305735
305736
305737
305738
305739
305740
305741
305742
305743
305744
305745
305746
305747
305748
305749
305750
305751
305752
305753
305754
305755
305756
305757
305758
305759
305760
305761
305762
305763
305764
305765
305766
305767
305768
305769
305770
305771
305772
305773
305774
305775
305776
305777
305778
305779
305780
305781
305782
305783
305784
305785
305786
305787
305788
305789
305790
305791
305792
305793
305794
305795
305796
305797
305798
305799
305800
305801
305802
305803
305804
305805
305806
305807
305808
305809
305810
305811
305812
305813
305814
305815
305816
305817
305818
305819
305820
305821
305822
305823
305824
305825
305826
305827
305828
305829
305830
305831
305832
305833
305834
305835
305836
305837
305838
305839
305840
305841
305842
305843
305844
305845
305846
305847
305848
305849
305850
305851
305852
305853
305854
305855
305856
305857
305858
305859
305860
305861
305862
305863
305864
305865
305866
305867
305868
305869
305870
305871
305872
305873
305874
305875
305876
305877
305878
305879
305880
305881
305882
305883
305884
305885
305886
305887
305888
305889
305890
305891
305892
305893
305894
305895
305896
305897
305898
305899
305900
305901
305902
305903
305904
305905
305906
305907
305908
305909
305910
305911
305912
305913
305914
305915
305916
305917
305918
305919
305920
305921
305922
305923
305924
305925
305926
305927
305928
305929
305930
305931
305932
305933
305934
305935
305936
305937
305938
305939
305940
305941
305942
305943
305944
305945
305946
305947
305948
305949
305950
305951
305952
305953
305954
305955
305956
305957
305958
305959
305960
305961
305962
305963
305964
305965
305966
305967
305968
305969
305970
305971
305972
305973
305974
305975
305976
305977
305978
305979
305980
305981
305982
305983
305984
305985
305986
305987
305988
305989
305990
305991
305992
305993
305994
305995
305996
305997
305998
305999
306000
306001
306002
306003
306004
306005
306006
306007
306008
306009
306010
306011
306012
306013
306014
306015
306016
306017
306018
306019
306020
306021
306022
306023
306024
306025
306026
306027
306028
306029
306030
306031
306032
306033
306034
306035
306036
306037
306038
306039
306040
306041
306042
306043
306044
306045
306046
306047
306048
306049
306050
306051
306052
306053
306054
306055
306056
306057
306058
306059
306060
306061
306062
306063
306064
306065
306066
306067
306068
306069
306070
306071
306072
306073
306074
306075
306076
306077
306078
306079
306080
306081
306082
306083
306084
306085
306086
306087
306088
306089
306090
306091
306092
306093
306094
306095
306096
306097
306098
306099
306100
306101
306102
306103
306104
306105
306106
306107
306108
306109
306110
306111
306112
306113
306114
306115
306116
306117
306118
306119
306120
306121
306122
306123
306124
306125
306126
306127
306128
306129
306130
306131
306132
306133
306134
306135
306136
306137
306138
306139
306140
306141
306142
306143
306144
306145
306146
306147
306148
306149
306150
306151
306152
306153
306154
306155
306156
306157
306158
306159
306160
306161
306162
306163
306164
306165
306166
306167
306168
306169
306170
306171
306172
306173
306174
306175
306176
306177
306178
306179
306180
306181
306182
306183
306184
306185
306186
306187
306188
306189
306190
306191
306192
306193
306194
306195
306196
306197
306198
306199
306200
306201
306202
306203
306204
306205
306206
306207
306208
306209
306210
306211
306212
306213
306214
306215
306216
306217
306218
306219
306220
306221
306222
306223
306224
306225
306226
306227
306228
306229
306230
306231
306232
306233
306234
306235
306236
306237
306238
306239
306240
306241
306242
306243
306244
306245
306246
306247
306248
306249
306250
306251
306252
306253
306254
306255
306256
306257
306258
306259
306260
306261
306262
306263
306264
306265
306266
306267
306268
306269
306270
306271
306272
306273
306274
306275
306276
306277
306278
306279
306280
306281
306282
306283
306284
306285
306286
306287
306288
306289
306290
306291
306292
306293
306294
306295
306296
306297
306298
306299
306300
306301
306302
306303
306304
306305
306306
306307
306308
306309
306310
306311
306312
306313
306314
306315
306316
306317
306318
306319
306320
306321
306322
306323
306324
306325
306326
306327
306328
306329
306330
306331
306332
306333
306334
306335
306336
306337
306338
306339
306340
306341
306342
306343
306344
306345
306346
306347
306348
306349
306350
306351
306352
306353
306354
306355
306356
306357
306358
306359
306360
306361
306362
306363
306364
306365
306366
306367
306368
306369
306370
306371
306372
306373
306374
306375
306376
306377
306378
306379
306380
306381
306382
306383
306384
306385
306386
306387
306388
306389
306390
306391
306392
306393
306394
306395
306396
306397
306398
306399
306400
306401
306402
306403
306404
306405
306406
306407
306408
306409
306410
306411
306412
306413
306414
306415
306416
306417
306418
306419
306420
306421
306422
306423
306424
306425
306426
306427
306428
306429
306430
306431
306432
306433
306434
306435
306436
306437
306438
306439
306440
306441
306442
306443
306444
306445
306446
306447
306448
306449
306450
306451
306452
306453
306454
306455
306456
306457
306458
306459
306460
306461
306462
306463
306464
306465
306466
306467
306468
306469
306470
306471
306472
306473
306474
306475
306476
306477
306478
306479
306480
306481
306482
306483
306484
306485
306486
306487
306488
306489
306490
306491
306492
306493
306494
306495
306496
306497
306498
306499
306500
306501
306502
306503
306504
306505
306506
306507
306508
306509
306510
306511
306512
306513
306514
306515
306516
306517
306518
306519
306520
306521
306522
306523
306524
306525
306526
306527
306528
306529
306530
306531
306532
306533
306534
306535
306536
306537
306538
306539
306540
306541
306542
306543
306544
306545
306546
306547
306548
306549
306550
306551
306552
306553
306554
306555
306556
306557
306558
306559
306560
306561
306562
306563
306564
306565
306566
306567
306568
306569
306570
306571
306572
306573
306574
306575
306576
306577
306578
306579
306580
306581
306582
306583
306584
306585
306586
306587
306588
306589
306590
306591
306592
306593
306594
306595
306596
306597
306598
306599
306600
306601
306602
306603
306604
306605
306606
306607
306608
306609
306610
306611
306612
306613
306614
306615
306616
306617
306618
306619
306620
306621
306622
306623
306624
306625
306626
306627
306628
306629
306630
306631
306632
306633
306634
306635
306636
306637
306638
306639
306640
306641
306642
306643
306644
306645
306646
306647
306648
306649
306650
306651
306652
306653
306654
306655
306656
306657
306658
306659
306660
306661
306662
306663
306664
306665
306666
306667
306668
306669
306670
306671
306672
306673
306674
306675
306676
306677
306678
306679
306680
306681
306682
306683
306684
306685
306686
306687
306688
306689
306690
306691
306692
306693
306694
306695
306696
306697
306698
306699
306700
306701
306702
306703
306704
306705
306706
306707
306708
306709
306710
306711
306712
306713
306714
306715
306716
306717
306718
306719
306720
306721
306722
306723
306724
306725
306726
306727
306728
306729
306730
306731
306732
306733
306734
306735
306736
306737
306738
306739
306740
306741
306742
306743
306744
306745
306746
306747
306748
306749
306750
306751
306752
306753
306754
306755
306756
306757
306758
306759
306760
306761
306762
306763
306764
306765
306766
306767
306768
306769
306770
306771
306772
306773
306774
306775
306776
306777
306778
306779
306780
306781
306782
306783
306784
306785
306786
306787
306788
306789
306790
306791
306792
306793
306794
306795
306796
306797
306798
306799
306800
306801
306802
306803
306804
306805
306806
306807
306808
306809
306810
306811
306812
306813
306814
306815
306816
306817
306818
306819
306820
306821
306822
306823
306824
306825
306826
306827
306828
306829
306830
306831
306832
306833
306834
306835
306836
306837
306838
306839
306840
306841
306842
306843
306844
306845
306846
306847
306848
306849
306850
306851
306852
306853
306854
306855
306856
306857
306858
306859
306860
306861
306862
306863
306864
306865
306866
306867
306868
306869
306870
306871
306872
306873
306874
306875
306876
306877
306878
306879
306880
306881
306882
306883
306884
306885
306886
306887
306888
306889
306890
306891
306892
306893
306894
306895
306896
306897
306898
306899
306900
306901
306902
306903
306904
306905
306906
306907
306908
306909
306910
306911
306912
306913
306914
306915
306916
306917
306918
306919
306920
306921
306922
306923
306924
306925
306926
306927
306928
306929
306930
306931
306932
306933
306934
306935
306936
306937
306938
306939
306940
306941
306942
306943
306944
306945
306946
306947
306948
306949
306950
306951
306952
306953
306954
306955
306956
306957
306958
306959
306960
306961
306962
306963
306964
306965
306966
306967
306968
306969
306970
306971
306972
306973
306974
306975
306976
306977
306978
306979
306980
306981
306982
306983
306984
306985
306986
306987
306988
306989
306990
306991
306992
306993
306994
306995
306996
306997
306998
306999
307000
307001
307002
307003
307004
307005
307006
307007
307008
307009
307010
307011
307012
307013
307014
307015
307016
307017
307018
307019
307020
307021
307022
307023
307024
307025
307026
307027
307028
307029
307030
307031
307032
307033
307034
307035
307036
307037
307038
307039
307040
307041
307042
307043
307044
307045
307046
307047
307048
307049
307050
307051
307052
307053
307054
307055
307056
307057
307058
307059
307060
307061
307062
307063
307064
307065
307066
307067
307068
307069
307070
307071
307072
307073
307074
307075
307076
307077
307078
307079
307080
307081
307082
307083
307084
307085
307086
307087
307088
307089
307090
307091
307092
307093
307094
307095
307096
307097
307098
307099
307100
307101
307102
307103
307104
307105
307106
307107
307108
307109
307110
307111
307112
307113
307114
307115
307116
307117
307118
307119
307120
307121
307122
307123
307124
307125
307126
307127
307128
307129
307130
307131
307132
307133
307134
307135
307136
307137
307138
307139
307140
307141
307142
307143
307144
307145
307146
307147
307148
307149
307150
307151
307152
307153
307154
307155
307156
307157
307158
307159
307160
307161
307162
307163
307164
307165
307166
307167
307168
307169
307170
307171
307172
307173
307174
307175
307176
307177
307178
307179
307180
307181
307182
307183
307184
307185
307186
307187
307188
307189
307190
307191
307192
307193
307194
307195
307196
307197
307198
307199
307200
307201
307202
307203
307204
307205
307206
307207
307208
307209
307210
307211
307212
307213
307214
307215
307216
307217
307218
307219
307220
307221
307222
307223
307224
307225
307226
307227
307228
307229
307230
307231
307232
307233
307234
307235
307236
307237
307238
307239
307240
307241
307242
307243
307244
307245
307246
307247
307248
307249
307250
307251
307252
307253
307254
307255
307256
307257
307258
307259
307260
307261
307262
307263
307264
307265
307266
307267
307268
307269
307270
307271
307272
307273
307274
307275
307276
307277
307278
307279
307280
307281
307282
307283
307284
307285
307286
307287
307288
307289
307290
307291
307292
307293
307294
307295
307296
307297
307298
307299
307300
307301
307302
307303
307304
307305
307306
307307
307308
307309
307310
307311
307312
307313
307314
307315
307316
307317
307318
307319
307320
307321
307322
307323
307324
307325
307326
307327
307328
307329
307330
307331
307332
307333
307334
307335
307336
307337
307338
307339
307340
307341
307342
307343
307344
307345
307346
307347
307348
307349
307350
307351
307352
307353
307354
307355
307356
307357
307358
307359
307360
307361
307362
307363
307364
307365
307366
307367
307368
307369
307370
307371
307372
307373
307374
307375
307376
307377
307378
307379
307380
307381
307382
307383
307384
307385
307386
307387
307388
307389
307390
307391
307392
307393
307394
307395
307396
307397
307398
307399
307400
307401
307402
307403
307404
307405
307406
307407
307408
307409
307410
307411
307412
307413
307414
307415
307416
307417
307418
307419
307420
307421
307422
307423
307424
307425
307426
307427
307428
307429
307430
307431
307432
307433
307434
307435
307436
307437
307438
307439
307440
307441
307442
307443
307444
307445
307446
307447
307448
307449
307450
307451
307452
307453
307454
307455
307456
307457
307458
307459
307460
307461
307462
307463
307464
307465
307466
307467
307468
307469
307470
307471
307472
307473
307474
307475
307476
307477
307478
307479
307480
307481
307482
307483
307484
307485
307486
307487
307488
307489
307490
307491
307492
307493
307494
307495
307496
307497
307498
307499
307500
307501
307502
307503
307504
307505
307506
307507
307508
307509
307510
307511
307512
307513
307514
307515
307516
307517
307518
307519
307520
307521
307522
307523
307524
307525
307526
307527
307528
307529
307530
307531
307532
307533
307534
307535
307536
307537
307538
307539
307540
307541
307542
307543
307544
307545
307546
307547
307548
307549
307550
307551
307552
307553
307554
307555
307556
307557
307558
307559
307560
307561
307562
307563
307564
307565
307566
307567
307568
307569
307570
307571
307572
307573
307574
307575
307576
307577
307578
307579
307580
307581
307582
307583
307584
307585
307586
307587
307588
307589
307590
307591
307592
307593
307594
307595
307596
307597
307598
307599
307600
307601
307602
307603
307604
307605
307606
307607
307608
307609
307610
307611
307612
307613
307614
307615
307616
307617
307618
307619
307620
307621
307622
307623
307624
307625
307626
307627
307628
307629
307630
307631
307632
307633
307634
307635
307636
307637
307638
307639
307640
307641
307642
307643
307644
307645
307646
307647
307648
307649
307650
307651
307652
307653
307654
307655
307656
307657
307658
307659
307660
307661
307662
307663
307664
307665
307666
307667
307668
307669
307670
307671
307672
307673
307674
307675
307676
307677
307678
307679
307680
307681
307682
307683
307684
307685
307686
307687
307688
307689
307690
307691
307692
307693
307694
307695
307696
307697
307698
307699
307700
307701
307702
307703
307704
307705
307706
307707
307708
307709
307710
307711
307712
307713
307714
307715
307716
307717
307718
307719
307720
307721
307722
307723
307724
307725
307726
307727
307728
307729
307730
307731
307732
307733
307734
307735
307736
307737
307738
307739
307740
307741
307742
307743
307744
307745
307746
307747
307748
307749
307750
307751
307752
307753
307754
307755
307756
307757
307758
307759
307760
307761
307762
307763
307764
307765
307766
307767
307768
307769
307770
307771
307772
307773
307774
307775
307776
307777
307778
307779
307780
307781
307782
307783
307784
307785
307786
307787
307788
307789
307790
307791
307792
307793
307794
307795
307796
307797
307798
307799
307800
307801
307802
307803
307804
307805
307806
307807
307808
307809
307810
307811
307812
307813
307814
307815
307816
307817
307818
307819
307820
307821
307822
307823
307824
307825
307826
307827
307828
307829
307830
307831
307832
307833
307834
307835
307836
307837
307838
307839
307840
307841
307842
307843
307844
307845
307846
307847
307848
307849
307850
307851
307852
307853
307854
307855
307856
307857
307858
307859
307860
307861
307862
307863
307864
307865
307866
307867
307868
307869
307870
307871
307872
307873
307874
307875
307876
307877
307878
307879
307880
307881
307882
307883
307884
307885
307886
307887
307888
307889
307890
307891
307892
307893
307894
307895
307896
307897
307898
307899
307900
307901
307902
307903
307904
307905
307906
307907
307908
307909
307910
307911
307912
307913
307914
307915
307916
307917
307918
307919
307920
307921
307922
307923
307924
307925
307926
307927
307928
307929
307930
307931
307932
307933
307934
307935
307936
307937
307938
307939
307940
307941
307942
307943
307944
307945
307946
307947
307948
307949
307950
307951
307952
307953
307954
307955
307956
307957
307958
307959
307960
307961
307962
307963
307964
307965
307966
307967
307968
307969
307970
307971
307972
307973
307974
307975
307976
307977
307978
307979
307980
307981
307982
307983
307984
307985
307986
307987
307988
307989
307990
307991
307992
307993
307994
307995
307996
307997
307998
307999
308000
308001
308002
308003
308004
308005
308006
308007
308008
308009
308010
308011
308012
308013
308014
308015
308016
308017
308018
308019
308020
308021
308022
308023
308024
308025
308026
308027
308028
308029
308030
308031
308032
308033
308034
308035
308036
308037
308038
308039
308040
308041
308042
308043
308044
308045
308046
308047
308048
308049
308050
308051
308052
308053
308054
308055
308056
308057
308058
308059
308060
308061
308062
308063
308064
308065
308066
308067
308068
308069
308070
308071
308072
308073
308074
308075
308076
308077
308078
308079
308080
308081
308082
308083
308084
308085
308086
308087
308088
308089
308090
308091
308092
308093
308094
308095
308096
308097
308098
308099
308100
308101
308102
308103
308104
308105
308106
308107
308108
308109
308110
308111
308112
308113
308114
308115
308116
308117
308118
308119
308120
308121
308122
308123
308124
308125
308126
308127
308128
308129
308130
308131
308132
308133
308134
308135
308136
308137
308138
308139
308140
308141
308142
308143
308144
308145
308146
308147
308148
308149
308150
308151
308152
308153
308154
308155
308156
308157
308158
308159
308160
308161
308162
308163
308164
308165
308166
308167
308168
308169
308170
308171
308172
308173
308174
308175
308176
308177
308178
308179
308180
308181
308182
308183
308184
308185
308186
308187
308188
308189
308190
308191
308192
308193
308194
308195
308196
308197
308198
308199
308200
308201
308202
308203
308204
308205
308206
308207
308208
308209
308210
308211
308212
308213
308214
308215
308216
308217
308218
308219
308220
308221
308222
308223
308224
308225
308226
308227
308228
308229
308230
308231
308232
308233
308234
308235
308236
308237
308238
308239
308240
308241
308242
308243
308244
308245
308246
308247
308248
308249
308250
308251
308252
308253
308254
308255
308256
308257
308258
308259
308260
308261
308262
308263
308264
308265
308266
308267
308268
308269
308270
308271
308272
308273
308274
308275
308276
308277
308278
308279
308280
308281
308282
308283
308284
308285
308286
308287
308288
308289
308290
308291
308292
308293
308294
308295
308296
308297
308298
308299
308300
308301
308302
308303
308304
308305
308306
308307
308308
308309
308310
308311
308312
308313
308314
308315
308316
308317
308318
308319
308320
308321
308322
308323
308324
308325
308326
308327
308328
308329
308330
308331
308332
308333
308334
308335
308336
308337
308338
308339
308340
308341
308342
308343
308344
308345
308346
308347
308348
308349
308350
308351
308352
308353
308354
308355
308356
308357
308358
308359
308360
308361
308362
308363
308364
308365
308366
308367
308368
308369
308370
308371
308372
308373
308374
308375
308376
308377
308378
308379
308380
308381
308382
308383
308384
308385
308386
308387
308388
308389
308390
308391
308392
308393
308394
308395
308396
308397
308398
308399
308400
308401
308402
308403
308404
308405
308406
308407
308408
308409
308410
308411
308412
308413
308414
308415
308416
308417
308418
308419
308420
308421
308422
308423
308424
308425
308426
308427
308428
308429
308430
308431
308432
308433
308434
308435
308436
308437
308438
308439
308440
308441
308442
308443
308444
308445
308446
308447
308448
308449
308450
308451
308452
308453
308454
308455
308456
308457
308458
308459
308460
308461
308462
308463
308464
308465
308466
308467
308468
308469
308470
308471
308472
308473
308474
308475
308476
308477
308478
308479
308480
308481
308482
308483
308484
308485
308486
308487
308488
308489
308490
308491
308492
308493
308494
308495
308496
308497
308498
308499
308500
308501
308502
308503
308504
308505
308506
308507
308508
308509
308510
308511
308512
308513
308514
308515
308516
308517
308518
308519
308520
308521
308522
308523
308524
308525
308526
308527
308528
